cam0:
  T_cam_imu:
    [ -0.9999382442103324, -0.010805307289637162, 0.002598672725462488, 0.057391304634922556,
     -0.010853932308836352, 0.9997511705143682, -0.01948818125392125, -0.006555410819872672,
     -0.0023874503121001206, -0.01951518356375372, -0.9998067101652601, -0.005431738489254529,
     0.0, 0.0, 0.0, 1.0]
  cam_overlaps: [1]
  camera_model: pinhole
  distortion_coeffs: [0.07927702697648967, -0.1513387683667039, 2.5943870143447102e-05,
    0.00030069556802985917]
  distortion_model: radtan
  intrinsics: [535.372973183127, 535.778243140615, 325.2193343351664, 211.34815730393638]
  resolution: [640, 480]
  rostopic: /cam0/image_raw
  timeshift_cam_imu: 9.548314671471624e-05
cam1:
  T_cam_imu:
    [ -0.9999883230007481, -0.0048185645895010235, -0.000367828014554441, -0.01192525923679455,
     -0.004812006514913031, 0.9998583772961595, -0.016126684221853135, -0.007037733857564758,
     0.0004454833912939579, -0.01612472591977114, -0.9998698889148329, -0.006023662421151059,
     0.0, 0.0, 0.0, 1.0]
  T_cn_cnm1:
    [ 0.9999776781386569, 0.006043608277942067, 0.00284921452346082, -0.0692601882676853,
     -0.006033975641591625, 0.9999760919885536, -0.0033773642465106256, -0.00015452698969271048,
     -0.002869557870925221, 0.0033600967664219827, 0.9999902376460197, -0.00040526247381415293,
     0.0, 0.0, 0.0, 1.0]
  cam_overlaps: [0]
  camera_model: pinhole
  distortion_coeffs: [0.0783321613548353, -0.14686203667432898, -0.0020810225953180697,
    0.0011703977795189107]
  distortion_model: radtan
  intrinsics: [533.6780591409469, 534.0383250429934, 321.26050034003174, 216.24681334475179]
  resolution: [640, 480]
  rostopic: /cam1/image_raw
  timeshift_cam_imu: 9.113787419681973e-05
T_imu_body:
  [1.0000, 0.0000, 0.0000, 0.0000,
  0.0000, 1.0000, 0.0000, 0.0000,
  0.0000, 0.0000, 1.0000, 0.0000,
  0.0000, 0.0000, 0.0000, 1.0000]
