cam0:
  T_cam_imu:
    [ -0.9999626519804437, -0.00857806715999882, -0.0010542333877826804, 0.057792116827435354,
      -0.00854177497030713, 0.9994947103290992, -0.03061636987799484, -0.007292632449772486,
       0.0013163299715499201, -0.030606221392849284, -0.9995306531004726, -0.04292659685792881,
       0.0, 0.0, 0.0, 1.0]
  cam_overlaps: [1]
  camera_model: pinhole
  distortion_coeffs: [0.06267162023991868, -0.13788087101000782, 0.0008989379554903053,
    -0.0005280427124752625]
  distortion_model: radtan
  intrinsics: [529.5672208220217, 529.0072659619808, 323.3005704161258, 212.2195288154228]
  resolution: [640, 480]
  rostopic: /cam0/image_raw
  timeshift_cam_imu: 9.548314671471624e-05
cam1:
  T_cam_imu:
    [-0.9999938962794035, -0.0034145294361644252, -0.0007405353922865674, -0.012217885825570603,
     -0.0033981750656134737, 0.9997723757296666, -0.02106298018044648, -0.007313880052662556,
     0.0008122869942977244, -0.021060335148995253, -0.9997778765672156, -0.04347337712749763,
     0.0, 0.0, 0.0, 1.0]
  T_cn_cnm1:
    [ 0.9999866192477653, 0.005151591229467952, -0.0004716282688677038, -0.06999190608620623,
     -0.0051558611362635485, 0.9999410995136137, -0.009550633457720517, -0.00013368520553281752,
     0.0004223995301766188, 0.009552937312922779, 0.9999542804385244, -0.000503488157109656,
     0.0, 0.0, 0.0, 1.0]
  cam_overlaps: [0]
  camera_model: pinhole
  distortion_coeffs: [0.0641884813371196, -0.13490595962772114, -0.0011083879016974129,
    0.0004728134538483374]
  distortion_model: radtan
  intrinsics: [527.6492848485484, 527.0532680982953, 321.0638429695497, 217.20467768923245]
  resolution: [640, 480]
  rostopic: /cam1/image_raw
  timeshift_cam_imu: 9.113787419681973e-05
T_imu_body:
  [1.0000, 0.0000, 0.0000, 0.0000,
  0.0000, 1.0000, 0.0000, 0.0000,
  0.0000, 0.0000, 1.0000, 0.0000,
  0.0000, 0.0000, 0.0000, 1.0000]
