%YAML:1.0

#注意：不要用科学计数法，pose_graph会报错

#common parameters
imu_topic: "/imu0"
image_topic: "/cam0/image_raw"
output_path: "/home/sst/catkin_vinsstereo/output/"

#camera calibration 
model_type: PINHOLE
camera_name: camera
image_width: 640
image_height: 480
distortion_parameters:
   k1: 0.06267162023991868
   k2: -0.13788087101000782
   p1: 0.0008989379554903053
   p2: -0.0005280427124752625
projection_parameters:
   fx: 529.5672208220217
   fy: 529.0072659619808
   cx: 323.3005704161258
   cy: 212.2195288154228

# Extrinsic parameter between IMU and Camera.
estimate_extrinsic: 0   # 0  Have an accurate extrinsic parameters. We will trust the following imu^R_cam, imu^T_cam, don't change it.
                        # 1  Have an initial guess about extrinsic parameters. We will optimize around your initial guess.
                        # 2  Don't know anything about extrinsic parameters. You don't need to give R,T. We will try to calibrate it. Do some rotation movement at beginning.                        
#If you choose 0 or 1, you should write down the following matrix.
#Rotation from camera frame to imu frame, imu^R_cam

ex_calib_result_path: "/config/euroc/ex_calib_result.yaml"

extrinsicRotation: !!opencv-matrix
   rows: 3
   cols: 3
   dt: d
   data: [-0.9999626519804437, -0.00857806715999882, -0.0010542333877826804, 
          -0.00854177497030713, 0.9994947103290992, -0.03061636987799484,
           0.0013163299715499201, -0.030606221392849284, -0.9995306531004726]
#Translation from camera frame to imu frame, imu^T_cam
extrinsicTranslation: !!opencv-matrix
   rows: 3
   cols: 1
   dt: d
   data: [0.057792116827435354, -0.007292632449772486, -0.01292659685792881]

stereoRotation: !!opencv-matrix
   rows: 3
   cols: 3
   dt: d
   data: [0.9999866192477653, 0.005151591229467952, -0.0004716282688677038, 
         -0.0051558611362635485, 0.9999410995136137, -0.009550633457720517, 
          0.0004223995301766188, 0.009552937312922779, 0.99995428043852446]

#Translation from camera frame to imu frame, imu^T_cam
stereoTranslation: !!opencv-matrix
   rows: 3
   cols: 1
   dt: d
   data: [-0.06999190608620623,-0.00013368520553281752, -0.00050348815710965]

#feature traker paprameters
max_cnt: 150            # max feature number in feature tracking
min_dist: 30            # min distance between two features 
freq: 10                # frequence (Hz) of publish tracking result. At least 10Hz for good estimation. If set 0, the frequence will be same as raw image 
F_threshold: 1.0        # ransac threshold (pixel)
show_track: 1           # publish tracking image as topic
equalize: 0             # if image is too dark or light, trun on equalize to find enough features
fisheye: 0              # if using fisheye, trun on it. A circle mask will be loaded to remove edge noisy points

#optimization parameters
max_solver_time: 0.08  # max solver itration time (ms), to guarantee real time
max_num_iterations: 20   # max solver itrations, to guarantee real time
keyframe_parallax: 8.0 # keyframe selection threshold (pixel)

#imu parameters    The more accurate parameters you provide, the better performance
acc_n: 0.4 #0.2       # accelerometer measurement noise standard deviation. 250µg/√Hz  0.00294m/s^2
gyr_n: 0.04 #0.04      # gyroscope measurement noise standard deviation. 0.01º/s/√Hz,0.0001742 rad/s
acc_w: 0.002 #0.004       # accelerometer bias random work noise standard deviation. 0.0014 m/s^2
gyr_w: 0.00006     # gyroscope bias random work noise standard deviation. 6e-5 rad/s

#acc_n: 0.08 #0.1 
#gyr_n: 0.0015 
#acc_w: 0.002 
#gyr_w: 0.00006
g_norm: 9.8     # gravity magnitude

#loop closure parameters
loop_closure: 1                    # start loop closure
load_previous_pose_graph: 0        # load and reuse previous pose graph; load from 'pose_graph_save_path'
fast_relocalization: 0             # useful in real-time and large project
pose_graph_save_path: "/home/sst/catkin_vinsstereo/output/pose_graph/" # save and load path

#unsynchronization parameters
estimate_td: 0                     # online estimate time offset between camera and imu
td: 0.0                             # initial value of time offset. unit: s. readed image clock + td = real image clock (IMU clock)

#rolling shutter parameters
rolling_shutter: 0                  # 0: global shutter camera, 1: rolling shutter camera
rolling_shutter_tr: 0               # unit: s. rolling shutter read out time per frame (from data sheet). 

#visualization parameters
save_image: 1                   # save image in pose graph for visualization prupose; you can close this function by setting 0 
visualize_imu_forward: 1        # output imu forward propogation to achieve low latency and high frequence results
visualize_camera_size: 0.4      # size of camera marker in RVIZ
