%YAML:1.0

#注意：不要用科学计数法，pose_graph会报错

#common parameters
imu_topic: "/imu0"
image_topic: "/cam0/image_raw"
output_path: "/home/sst/catkin_vinsstereo/output/"

#camera calibration 
model_type: PINHOLE
camera_name: camera
image_width: 640
image_height: 480
distortion_parameters:
   k1: 0.07927702697648967
   k2: -0.1513387683667039
   p1: 0.000025943870143447102
   p2: 0.00030069556802985917
projection_parameters:
   fx: 535.372973183127
   fy: 535.778243140615
   cx: 325.2193343351664
   cy: 211.34815730393638

# Extrinsic parameter between IMU and Camera.
estimate_extrinsic: 0   # 0  Have an accurate extrinsic parameters. We will trust the following imu^R_cam, imu^T_cam, don't change it.
                        # 1  Have an initial guess about extrinsic parameters. We will optimize around your initial guess.
                        # 2  Don't know anything about extrinsic parameters. You don't need to give R,T. We will try to calibrate it. Do some rotation movement at beginning.                        
#If you choose 0 or 1, you should write down the following matrix.
#Rotation from camera frame to imu frame, imu^R_cam

ex_calib_result_path: "/config/euroc/ex_calib_result.yaml"

extrinsicRotation: !!opencv-matrix
   rows: 3
   cols: 3
   dt: d
   data: [-0.9999382442103324, -0.010805307289637162, 0.002598672725462488, 
          -0.010853932308836352, 0.9997511705143682, -0.01948818125392125, 
          -0.0023874503121001206, -0.01951518356375372, -0.9998067101652601]
#Translation from camera frame to imu frame, imu^T_cam
extrinsicTranslation: !!opencv-matrix
   rows: 3
   cols: 1
   dt: d
   data: [0.057391304634922556,-0.006555410819872672,-0.005431738489254529]

stereoRotation: !!opencv-matrix
   rows: 3
   cols: 3
   dt: d
   data: [0.9999776781386569, 0.006043608277942067, 0.00284921452346082,
         -0.006033975641591625, 0.9999760919885536, -0.0033773642465106256,
         -0.002869557870925221, 0.0033600967664219827, 0.9999902376460197]

#Translation from camera frame to imu frame, imu^T_cam
stereoTranslation: !!opencv-matrix
   rows: 3
   cols: 1
   dt: d
   data: [-0.0692601882676853,-0.00015452698969271048,-0.00040526247381415293]

#feature traker paprameters
max_cnt: 150            # max feature number in feature tracking
min_dist: 30            # min distance between two features 
freq: 10                # frequence (Hz) of publish tracking result. At least 10Hz for good estimation. If set 0, the frequence will be same as raw image 
F_threshold: 1.0        # ransac threshold (pixel)
show_track: 1           # publish tracking image as topic
equalize: 0             # if image is too dark or light, trun on equalize to find enough features
fisheye: 0              # if using fisheye, trun on it. A circle mask will be loaded to remove edge noisy points

#optimization parameters
max_solver_time: 0.05  # max solver itration time (ms), to guarantee real time
max_num_iterations: 10   # max solver itrations, to guarantee real time
keyframe_parallax: 10.0 # keyframe selection threshold (pixel)

#imu parameters    The more accurate parameters you provide, the better performance
acc_n: 0.08       # accelerometer measurement noise standard deviation. 250µg/√Hz  0.00294m/s^2
gyr_n: 0.0013      # gyroscope measurement noise standard deviation. 0.01º/s/√Hz,0.0001742 rad/s
acc_w: 0.004       # accelerometer bias random work noise standard deviation. 0.0014 m/s^2
gyr_w: 0.00006     # gyroscope bias random work noise standard deviation. 6e-5 rad/s

#acc_n: 0.2        # accelerometer measurement noise standard deviation. 250µg/√Hz  0.00294m/s^2
#gyr_n: 0.008      # gyroscope measurement noise standard deviation. 0.01º/s/√Hz,0.00017452 rad/s
#acc_w: 0.002      # accelerometer bias random work noise standard deviation. 0.0014 m/s^2
#gyr_w: 0.000022   # gyroscope bias random work noise standard deviation. 6e-5 rad/s
g_norm: 9.8     # gravity magnitude

#loop closure parameters
loop_closure: 1                    # start loop closure
load_previous_pose_graph: 0        # load and reuse previous pose graph; load from 'pose_graph_save_path'
fast_relocalization: 0             # useful in real-time and large project
pose_graph_save_path: "/home/sst/catkin_vinsstereo/output/pose_graph/" # save and load path

#unsynchronization parameters
estimate_td: 1                     # online estimate time offset between camera and imu
td: 0.0                             # initial value of time offset. unit: s. readed image clock + td = real image clock (IMU clock)

#rolling shutter parameters
rolling_shutter: 0                  # 0: global shutter camera, 1: rolling shutter camera
rolling_shutter_tr: 0               # unit: s. rolling shutter read out time per frame (from data sheet). 

#visualization parameters
save_image: 1                   # save image in pose graph for visualization prupose; you can close this function by setting 0 
visualize_imu_forward: 1        # output imu forward propogation to achieve low latency and high frequence results
visualize_camera_size: 0.4      # size of camera marker in RVIZ
