%YAML:1.0
---
extrinsicRotation: !!opencv-matrix
   rows: 3
   cols: 3
   dt: d
   data: [ -9.9994393112988611e-01, -1.0298571273542910e-02,
       2.4645539625319070e-03, -1.0333628636888928e-02,
       9.9983911030135741e-01, -1.4661842687223254e-02,
       -2.3131614092717443e-03, -1.4686488399674366e-02,
       -9.9988947206317857e-01 ]
extrinsicTranslation: !!opencv-matrix
   rows: 3
   cols: 1
   dt: d
   data: [ 1.5239233451197988e-02, 4.2330555811654892e-04,
       3.2991692410275504e-02 ]
